readme:

Compile:
shell> make

run vmgenU:
shell> ./vmgenU [range of page ref] [length] [filename]
for example:
shell> ./vmsim 20 60 test

run vmsim:
shell> ./vmsim [number of frames] [page ref sequence] [algorithm]
for example:
shell> ./vmsim 10 test LRC

this should produce something like:

10: [10|  |  |  |  |  |  |  |  |  ]
 3: [10| 3|  |  |  |  |  |  |  |  ]
 4: [10| 3| 4|  |  |  |  |  |  |  ]
10: [10| 3| 4|  |  |  |  |  |  |  ]
 2: [10| 3| 4| 2|  |  |  |  |  |  ]
 4: [10| 3| 4| 2|  |  |  |  |  |  ]
 6: [10| 3| 4| 2| 6|  |  |  |  |  ]
11: [10| 3| 4| 2| 6|11|  |  |  |  ]
 3: [10| 3| 4| 2| 6|11|  |  |  |  ]
 9: [10| 3| 4| 2| 6|11| 9|  |  |  ]
11: [10| 3| 4| 2| 6|11| 9|  |  |  ]
14: [10| 3| 4| 2| 6|11| 9|14|  |  ]
20: [10| 3| 4| 2| 6|11| 9|14|20|  ]
18: [10| 3| 4| 2| 6|11| 9|14|20|18]
18: [10| 3| 4| 2| 6|11| 9|14|20|18]
 7: [ 7| 3| 4| 2| 6|11| 9|14|20|18]
 9: [ 7| 3| 4| 2| 6|11| 9|14|20|18]
 1: [ 7| 3| 4| 1| 6|11| 9|14|20|18]
 4: [ 7| 3| 4| 1| 6|11| 9|14|20|18]
 9: [ 7| 3| 4| 1| 6|11| 9|14|20|18]
19: [ 7| 3| 4| 1|19|11| 9|14|20|18]
17: [ 7|17| 4| 1|19|11| 9|14|20|18]
19: [ 7|17| 4| 1|19|11| 9|14|20|18]
14: [ 7|17| 4| 1|19|11| 9|14|20|18]
11: [ 7|17| 4| 1|19|11| 9|14|20|18]
 3: [ 7|17| 4| 1|19|11| 9|14| 3|18]
 7: [ 7|17| 4| 1|19|11| 9|14| 3|18]
 6: [ 7|17| 4| 1|19|11| 9|14| 3| 6]
 7: [ 7|17| 4| 1|19|11| 9|14| 3| 6]
 3: [ 7|17| 4| 1|19|11| 9|14| 3| 6]
 9: [ 7|17| 4| 1|19|11| 9|14| 3| 6]
 8: [ 7|17| 4| 8|19|11| 9|14| 3| 6]
18: [ 7|17|18| 8|19|11| 9|14| 3| 6]
13: [ 7|13|18| 8|19|11| 9|14| 3| 6]
18: [ 7|13|18| 8|19|11| 9|14| 3| 6]
19: [ 7|13|18| 8|19|11| 9|14| 3| 6]
 8: [ 7|13|18| 8|19|11| 9|14| 3| 6]
15: [ 7|13|18| 8|19|11| 9|15| 3| 6]
 1: [ 7|13|18| 8|19| 1| 9|15| 3| 6]
10: [ 7|13|18| 8|19| 1| 9|15| 3|10]
15: [ 7|13|18| 8|19| 1| 9|15| 3|10]
12: [12|13|18| 8|19| 1| 9|15| 3|10]
16: [12|13|18| 8|19| 1| 9|15|16|10]
15: [12|13|18| 8|19| 1| 9|15|16|10]
 9: [12|13|18| 8|19| 1| 9|15|16|10]
13: [12|13|18| 8|19| 1| 9|15|16|10]
13: [12|13|18| 8|19| 1| 9|15|16|10]
17: [12|13|17| 8|19| 1| 9|15|16|10]
13: [12|13|17| 8|19| 1| 9|15|16|10]
16: [12|13|17| 8|19| 1| 9|15|16|10]
17: [12|13|17| 8|19| 1| 9|15|16|10]
 3: [12|13|17| 8| 3| 1| 9|15|16|10]
 4: [12|13|17| 4| 3| 1| 9|15|16|10]
15: [12|13|17| 4| 3| 1| 9|15|16|10]
17: [12|13|17| 4| 3| 1| 9|15|16|10]
14: [12|13|17| 4| 3|14| 9|15|16|10]
 9: [12|13|17| 4| 3|14| 9|15|16|10]
15: [12|13|17| 4| 3|14| 9|15|16|10]
20: [12|13|17| 4| 3|14| 9|15|16|20]
 7: [ 7|13|17| 4| 3|14| 9|15|16|20]
Miss rate = 20 / 60 = 33.33%

